[header]
width=50
height=14
tilewidth=70
tileheight=70
orientation=orthogonal

[tilesets]
tileset=dirt.png,70,70,0,0
tileset=mixed.png,70,70,0,0
tileset=,53,47,0,0
tileset=,57,31,0,0

[layer]
type=Terrain
data=
0,0,0,0,0,0,0,0,0,0,0,0,0,0,0,0,0,0,0,0,0,0,0,0,0,0,0,0,0,0,0,0,0,0,0,0,0,0,0,0,0,0,0,0,0,0,0,0,0,0,
0,0,0,0,0,0,0,0,0,0,0,0,0,0,0,0,0,0,0,0,0,0,0,0,0,0,0,0,0,0,0,0,0,0,0,0,0,0,0,0,0,0,0,0,0,0,0,0,0,0,
0,0,0,0,0,0,0,0,0,0,0,0,0,0,0,0,0,0,0,0,0,0,0,0,0,0,0,0,0,0,0,0,0,0,0,0,0,0,0,0,0,0,0,0,0,0,0,0,0,0,
0,0,0,0,0,0,0,0,0,0,0,0,0,0,0,0,0,0,0,0,0,0,0,0,0,0,0,0,0,0,0,0,0,0,0,0,0,0,0,0,0,0,0,0,0,0,0,0,0,0,
0,0,0,0,0,0,0,0,0,0,0,0,0,0,0,0,0,0,0,0,0,0,0,0,0,0,0,0,0,0,0,0,0,0,0,0,0,0,0,0,0,0,0,0,0,0,0,0,0,0,
0,0,0,0,0,0,0,0,0,0,0,0,0,0,0,0,0,0,0,0,0,0,0,0,0,0,0,0,0,0,0,0,0,204,0,0,0,0,0,0,204,0,0,0,124,0,0,0,0,0,
0,0,0,0,0,0,0,0,0,0,0,0,0,0,0,0,0,0,0,0,0,0,0,0,0,0,0,0,38,26,26,26,26,26,26,26,26,26,26,26,26,26,26,26,26,26,26,26,26,26,
0,0,0,0,0,0,0,0,0,0,0,0,0,0,0,0,0,0,0,0,0,0,0,0,0,0,0,204,10,30,30,30,30,30,30,30,30,30,30,30,30,30,30,30,30,30,30,30,30,30,
0,0,0,0,0,0,0,0,96,0,0,0,0,0,0,0,0,0,0,0,0,0,0,0,0,0,204,204,10,30,30,30,30,30,30,30,30,30,30,30,30,30,30,30,30,30,30,30,30,30,
26,26,26,26,26,26,26,26,26,26,26,26,26,26,26,26,31,0,0,0,38,26,26,26,26,26,26,26,30,30,30,30,30,30,30,30,30,30,30,30,30,30,30,30,30,30,30,30,30,30,
30,30,30,30,30,30,30,30,30,30,30,30,30,30,30,30,3,0,0,0,10,30,30,30,30,30,30,30,30,30,30,30,30,30,30,30,30,30,30,30,30,30,30,30,30,30,30,30,30,30,
30,30,30,30,30,30,30,30,30,30,30,30,30,30,30,30,3,0,0,0,10,30,30,30,30,30,30,30,30,30,30,30,30,30,30,30,30,30,30,30,30,30,30,30,30,30,30,30,30,30,
30,30,30,30,30,30,30,30,30,30,30,30,30,30,30,30,30,168,168,168,30,30,30,30,30,30,30,30,30,30,30,30,30,30,30,30,30,30,30,30,30,30,30,30,30,30,30,30,30,30,
30,30,30,30,30,30,30,30,30,30,30,30,30,30,30,30,30,99,99,99,30,30,30,30,30,30,30,30,30,30,30,30,30,30,30,30,30,30,30,30,30,30,30,30,30,30,30,30,30,30

[Entities]
# player
type=player
location=1,6,0,1

[Entities]
# c1
type=coin
location=10,7,0,0

[Entities]
# c4
type=coin
location=11,7,0,0

[Entities]
# c7
type=coin
location=12,7,0,0

[Entities]
# c6
type=coin
location=13,7,0,0

[Entities]
# c5
type=coin
location=14,7,0,0

[Entities]
# c3
type=coin
location=35,5,0,0

[Entities]
# c2
type=coin
location=37,4,0,0

[Entities]
# snail
type=enemy
location=39,5,0,0


